MODE 1
MODE2 4
MODE3 4
SIZE 9/6
BEACHBALL 0
MONEYBOX 0
TIMEBOMB 0
DROPING 0/0/0
LIMIT 0/15
COLOR LIMIT 6
BUNDLE ABILITY 18
COLOR PERCENT 100/100/100/100/0/0
STARS 100/200/300
COLLECT COUNT 4/10/0/0/0/0
COLLECT ITEMS 1/4/0/0/0/0
TOYS COUNT 4/3/0/0
TOYS ITEMS 1/3/0/0
1,0,0 1,0,0 1,0,0 1,0,0 1,0,0 1,0,0 1,0,0 1,0,0 1,0,0
1,0,0 1,0,0 1,0,0 1,0,0 1,0,0 1,0,0 1,0,0 1,0,0 1,0,0
1,0,0 1,0,0 1,0,0 1,0,0 1,0,0 1,0,0 1,0,0 1,0,0 1,0,0
1,0,0 1,0,0 1,0,0 1,0,0 1,0,0 1,0,0 1,0,0 1,0,0 1,0,0
1,0,0 1,0,0 1,0,0 1,0,0 1,0,0 1,0,0 1,0,0 1,0,0 1,0,0
1,0,0 1,0,0 1,0,0 1,0,0 1,0,0 1,0,0 1,0,0 1,0,0 1,0,0