MODE 2
MODE2 4
MODE3 4
TAG 2
DONTINCLUDE 0/0/0
SIZE 9/9
BEACHBALL 0
MONEYBOX 0
TIMEBOMB 0
DROPING 0/0/0
LIMIT 0/600
COLOR LIMIT 4
BUNDLE ABILITY 0
COLOR PERCENT 100/100/100/100/100/100
STARS 100/200/300
COLLECT COUNT 2/3/0/0/0/0
COLLECT ITEMS 1/2/0/0/0/0
TOYS COUNT 0/0/0/0
TOYS ITEMS 1/2/3/4
1,0,0,0,1 1,0,0,0,1 1,0,0,0,1 1,0,0,0,1 1,0,0,0,1 1,0,0,0,1 1,0,0,0,1 1,0,0,0,1 1,0,0,0,1
1,0,0,0,1 1,0,0,0,1 1,0,0,0,1 1,0,0,0,1 1,0,0,0,1 1,0,0,0,1 1,0,0,0,1 1,0,0,0,1 1,0,0,0,1
1,0,0,0,1 1,0,0,0,1 1,0,0,0,1 1,0,0,0,1 1,0,0,0,1 1,0,0,0,1 1,0,0,0,1 1,0,0,0,1 1,0,0,0,1
1,0,0,0,1 1,0,0,0,1 1,0,0,0,1 1,0,0,0,1 1,0,0,0,1 1,0,0,0,1 1,0,0,0,1 1,0,0,0,1 1,0,0,0,1
1,0,0,0,1 1,0,0,0,1 1,0,0,0,1 1,0,0,0,1 1,0,0,0,1 1,0,0,0,1 1,0,0,0,1 1,0,0,0,1 1,0,0,0,1
1,0,0,0,1 1,0,0,0,1 1,0,0,0,1 1,0,0,0,1 1,0,0,0,1 1,0,0,0,1 1,0,0,0,1 1,0,0,0,1 1,0,0,0,1
1,0,0,0,1 1,0,0,0,1 1,0,0,0,1 1,0,0,0,1 1,0,0,0,1 1,0,0,0,1 1,0,0,0,1 1,0,0,0,1 1,0,0,0,1
1,0,0,0,1 1,0,0,0,1 1,0,0,0,1 1,0,0,0,1 1,0,0,0,1 1,0,0,0,1 1,0,0,0,1 1,0,0,0,1 1,0,0,0,1
1,0,0,0,1 1,0,0,0,1 1,0,0,0,1 1,0,0,0,1 1,0,0,0,1 1,0,0,0,1 1,0,0,0,1 1,0,0,0,1 1,0,0,0,1