MODE 2
MODE2 4
MODE3 4
SIZE 9/10
BEACHBALL 0
MONEYBOX 0
TIMEBOMB 0
DROPING 0/0/0
LIMIT 0/300
COLOR LIMIT 4
COLOR PERCENT 0/0/0/0/100/100
STARS 100/1800/2300
COLLECT COUNT 0/0/0/0/0/0
COLLECT ITEMS 1/2/3/4/0/0
TOYS COUNT 15/0/0/0
TOYS ITEMS 1/0/0/0
1,0,0 1,0,0 1,0,0 1,0,0 1,0,0 1,0,0 1,0,0 1,0,0 1,0,0
1,0,0 1,0,0 1,0,0 1,0,0 1,0,0 1,0,0 1,0,0 1,0,0 1,0,0
1,0,0 1,0,0 1,0,0 1,0,0 1,0,0 1,0,0 1,0,0 1,0,0 1,0,0
1,0,0 1,0,0 1,0,0 1,0,0 1,0,0 1,0,0 1,0,0 1,0,0 1,0,0
1,0,0 1,0,0 1,0,0 1,0,0 1,0,0 1,0,0 1,0,0 1,0,0 1,0,0
1,0,0 1,0,0 1,0,0 1,0,0 1,0,0 1,0,0 1,0,0 1,0,0 1,0,0
1,0,0 1,0,0 1,0,0 1,0,0 1,0,0 1,0,0 1,0,0 1,0,0 1,0,0
1,0,0 1,0,0 1,0,0 1,0,0 1,0,0 1,0,0 1,0,0 1,0,0 1,0,0
1,0,0 1,0,0 1,0,0 1,0,0 1,0,0 1,0,0 1,0,0 1,0,0 1,0,0
1,0,0 1,0,0 1,0,0 1,0,0 1,0,0 1,0,0 1,0,0 1,0,0 1,0,0