MODE 1
MODE2 4
MODE3 4
SIZE 7/8
BEACHBALL 0
MONEYBOX 0
TIMEBOMB 0
DROPING 0/0/0
LIMIT 0/15
COLOR LIMIT 6
COLOR PERCENT 15/15/15/100/15/100
STARS 300/500/1300
COLLECT COUNT 7/12/0/0/0/0
COLLECT ITEMS 4/6/0/0/0/0
TOYS COUNT 0/0/0/0
TOYS ITEMS 1/3/0/0
1,0,0 1,0,0 1,0,0 1,0,0 1,0,0 1,0,0 1,0,0
1,0,0 1,0,0 1,0,0 1,0,0 1,0,0 1,0,0 1,0,0
1,0,0 1,0,0 1,0,0 1,0,0 1,0,0 1,0,0 1,0,0
1,0,0 1,0,0 1,0,0 1,0,0 1,0,0 1,0,0 1,0,0
1,0,0 1,0,0 1,0,0 1,0,0 1,0,0 1,0,0 1,0,0
1,0,0 1,0,0 1,0,0 1,0,0 1,0,0 1,0,0 1,0,0
1,0,0 1,0,0 1,0,0 1,0,0 1,0,0 1,0,0 1,0,0
1,0,0 1,0,0 1,0,0 1,0,0 1,0,0 1,0,0 1,0,0