MODE 3
MODE2 1
MODE3 4
DONTINCLUDE 0/0/0
SIZE 9/9
BEACHBALL 0
MONEYBOX 0
TIMEBOMB 0
DROPING 0/0/0
LIMIT 0/45
COLOR LIMIT 6
BUNDLE ABILITY 3
COLOR PERCENT 0/50/59/52/53/57
STARS 7000/36000/75000
COLLECT COUNT 25/25/0/0/0/0
COLLECT ITEMS 2/5/0/0/0/0
TOYS COUNT 0/0/0/0
TOYS ITEMS 1/2/0/0
0,0,0,0,1 1,0,0,0,1 1,0,0,0,1 1,0,0,0,1 0,0,0,0,1 1,0,0,0,1 1,0,0,0,1 1,0,0,0,1 0,0,0,0,1
1,0,0,0,1 1,0,0,0,1 1,0,0,0,1 1,0,0,0,1 0,0,0,0,1 1,0,0,0,1 1,0,0,0,1 1,0,0,0,1 1,0,0,0,1
1,0,0,0,1 1,0,0,0,1 1,0,0,0,1 1,0,0,0,1 0,0,0,0,1 1,0,0,0,1 1,0,0,0,1 1,0,0,0,1 1,0,0,0,1
1,0,0,0,1 1,0,0,0,1 1,0,0,0,1 1,3,0,0,1 1,3,0,0,1 1,3,0,0,1 1,0,0,0,1 1,0,0,0,1 1,0,0,0,1
0,0,0,0,1 0,0,0,0,1 0,0,0,0,1 1,3,0,0,1 1,3,0,0,1 1,3,0,0,1 0,0,0,0,1 0,0,0,0,1 0,0,0,0,1
1,0,0,0,1 1,0,0,0,1 1,0,0,0,1 1,3,0,0,1 1,3,0,0,1 1,3,0,0,1 1,0,0,0,1 1,0,0,0,1 1,0,0,0,1
1,0,0,0,1 1,0,0,0,1 1,0,0,0,1 1,0,0,0,1 0,0,0,0,1 1,0,0,0,1 1,0,0,0,1 1,0,0,0,1 1,0,0,0,1
1,0,0,0,1 1,0,0,0,1 1,0,0,0,1 1,0,0,0,1 0,0,0,0,1 1,0,0,0,1 1,0,0,0,1 1,0,0,0,1 1,0,0,0,1
0,0,0,0,1 1,0,0,0,1 1,0,0,0,1 1,0,0,0,1 0,0,0,0,1 1,0,0,0,1 1,0,0,0,1 1,0,0,0,1 0,0,0,0,1