MODE 3
MODE2 4
MODE3 4
DONTINCLUDE 3/4/0
SIZE 9/9
BEACHBALL 0
MONEYBOX 0
TIMEBOMB 0
DROPING 0/0/0
LIMIT 0/38
COLOR LIMIT 6
BUNDLE ABILITY 2
COLOR PERCENT 66/72/60/64/57/69
STARS 5000/30000/60000
COLLECT COUNT 15/25/0/0/0/0
COLLECT ITEMS 1/4/0/0/0/0
TOYS COUNT 0/0/0/0
TOYS ITEMS 1/2/0/0
1,0,0,0,1 1,0,0,0,1 1,0,0,0,1 1,0,0,0,1 1,0,0,0,1 1,0,0,0,1 1,0,0,0,1 1,0,0,0,1 1,0,0,0,1
1,0,0,0,1 1,0,0,0,1 1,0,0,0,1 1,0,0,0,1 1,0,0,0,1 1,0,0,0,1 1,0,0,0,1 1,0,0,0,1 1,0,0,0,1
1,0,0,0,1 1,0,0,0,1 1,0,0,0,1 1,0,0,0,1 1,0,0,0,1 1,0,0,0,1 1,0,0,0,1 1,0,0,0,1 1,0,0,0,1
1,0,0,0,1 1,0,0,0,1 1,0,0,0,1 1,0,0,0,1 1,0,0,0,1 1,0,0,0,1 1,0,0,0,1 1,0,0,0,1 1,0,0,0,1
2,0,0,0,1 1,4,0,0,1 2,0,0,0,1 1,4,0,0,1 2,0,0,0,1 1,4,0,0,1 2,0,0,0,1 1,4,0,0,1 2,0,0,0,1
1,3,0,0,1 1,0,0,0,1 1,3,0,0,1 1,0,0,0,1 1,3,0,0,1 1,0,0,0,1 1,3,0,0,1 1,0,0,0,1 1,3,0,0,1
2,11,0,0,1 2,11,0,0,1 2,11,0,0,1 2,11,0,0,1 2,11,0,0,1 2,11,0,0,1 2,11,0,0,1 2,11,0,0,1 2,11,0,0,1
2,11,0,0,1 2,11,0,0,1 2,11,0,0,1 2,11,0,0,1 2,11,0,0,1 2,11,0,0,1 2,11,0,0,1 2,11,0,0,1 2,11,0,0,1
1,0,0,0,1 1,0,0,0,1 1,0,0,0,1 1,0,0,0,1 1,0,0,0,1 1,0,0,0,1 1,0,0,0,1 1,0,0,0,1 1,0,0,0,1